/OC /MC0 BDC 
q
0 1080 1080 -1080 re
W n
1 0.927 0.4 0.456 k
/GS0 gs
q 1 0 0 1 183.6875 476.7469 cm
0 0 m
-2.721 1.177 -6.123 1.824 -8.383 3.096 c
-13.695 5.426 -17.586 6.571 -22.644 9.552 c
-23.737 10.196 -24.259 11.097 -24.236 12.336 c
-24.13 18.187 -23.858 39.683 -23.867 45.535 c
-23.889 60.416 -23.949 75.297 -24.022 90.178 c
-24.047 95.373 -24.365 100.575 -24.177 105.761 c
-23.865 114.313 -21.331 122.279 -17.208 129.776 c
-12.618 138.123 -6.33 144.88 1.59 150.118 c
9.381 155.27 17.943 158.321 27.247 159.247 c
37.125 160.23 46.676 158.913 55.794 154.954 c
62.358 152.105 68.195 148.199 73.369 143.161 c
80.254 136.459 85.298 128.645 88.019 119.515 c
93.926 99.695 90.588 81.413 77.52 65.316 c
68.26 53.909 56.078 47.2 41.48 45.032 c
35.696 44.173 29.916 44.267 24.139 45.108 c
23.35 45.223 22.724 45.339 22.73 46.434 c
22.772 54.107 22.755 61.781 22.761 69.454 c
22.762 69.642 22.817 69.83 22.868 70.152 c
26.848 68.832 30.88 68.354 34.993 68.599 c
45.631 69.233 54.158 73.903 60.358 82.477 c
66.538 91.024 68.243 100.612 65.472 110.799 c
62.827 120.521 56.856 127.717 47.771 132.089 c
33.945 138.743 18.134 135.487 7.954 123.995 c
3.603 119.083 1.027 113.281 0.044 106.794 c
-0.099 105.857 -0 104.882 -0 103.924 c
-0.001 74.344 -0.001 44.764 0 15.184 c
0 14.583 0 1.003 0 0 c
f
Q
0 0.689 1 0 k
q 1 0 0 1 232.8932 578.2056 cm
0 0 m
-0.027 -9.246 -7.532 -16.707 -16.77 -16.67 c
-26.06 -16.633 -33.739 -8.929 -33.498 0.376 c
-33.25 9.921 -25.825 16.826 -16.815 16.884 c
-7.355 16.945 0.027 9.447 0 0 c
f
Q
q 1 0 0 1 173.9704 650.8493 cm
0 0 m
-25.815 -15.276 -41.381 -42.287 -41.647 -72.247 c
-41.828 -93.566 -34.19 -113.737 -20.038 -129.497 c
-20.038 -159.372 l
-24.582 -155.855 -28.473 -151.903 -32.776 -147.528 c
-52.681 -127.273 -63.521 -100.467 -63.28 -72.066 c
-63.111 -53.406 -58.059 -35.096 -48.644 -19.095 c
-39.508 -3.589 -26.504 9.451 -11.01 18.612 c
-5.873 21.657 0.762 19.953 3.807 14.817 c
6.853 9.668 5.148 3.033 0 0 c
f
Q
q 1 0 0 1 189.5863 498.5717 cm
0 0 m
10.069 -4.249 15.471 -5.315 26.729 -5.412 c
49.367 -5.594 70.706 3.024 86.843 18.888 c
102.981 34.751 111.975 55.949 112.168 78.577 c
112.427 108.777 96.395 137.06 70.328 152.388 c
65.179 155.416 63.459 162.045 66.487 167.194 c
69.515 172.343 76.144 174.063 81.293 171.035 c
97.12 161.728 110.35 148.408 119.55 132.516 c
129.035 116.132 133.963 97.417 133.799 78.392 c
133.556 49.986 122.266 23.375 102.008 3.461 c
81.974 -16.233 55.537 -27.046 27.48 -27.047 c
27.167 -27.047 26.858 -27.045 26.544 -27.042 c
15.494 -26.948 10.218 -26.39 -0 -23.075 c
f
Q
1 0.921 0.402 0.457 k
q 1 0 0 1 871.9936 515.0004 cm
0 0 m
-7.316 0 -13.81 -0.2 -20.274 0.149 c
-21.779 0.23 -23.699 1.877 -24.548 3.32 c
-29.901 12.421 -35.021 21.658 -40.186 30.869 c
-43.132 36.122 -54.358 39.689 -59.427 36.634 c
-60.415 36.039 -60.83 33.848 -60.847 32.386 c
-60.963 21.829 -60.909 11.27 -60.909 0.342 c
-79.823 0.342 l
-79.893 1.111 -80.015 1.826 -80.015 2.542 c
-80.024 19.009 -79.909 35.477 -80.102 51.941 c
-80.146 55.65 -78.892 56.517 -75.423 56.461 c
-62.888 56.259 -50.347 56.236 -37.81 56.346 c
-29.601 56.419 -21.817 62.297 -20.091 69.335 c
-17.074 81.635 -24.703 92.49 -37.482 92.989 c
-50.149 93.483 -62.856 93.209 -75.537 92.909 c
-78.885 92.829 -80.245 93.363 -80.079 96.926 c
-79.848 101.872 -80.021 106.836 -80.021 112.376 c
-78.153 112.376 -76.708 112.374 -75.263 112.376 c
-63.028 112.393 -50.792 112.475 -38.556 112.412 c
-21.528 112.324 -9.353 104.683 -3.047 88.686 c
2.957 73.453 0.207 59.655 -11.049 47.754 c
-13.181 45.5 -15.893 43.629 -18.651 42.176 c
-21.984 40.42 -22.39 38.694 -20.458 35.476 c
-14.092 24.873 -7.981 14.117 -1.782 3.414 c
-1.274 2.537 -0.841 1.617 0 0 c
f
Q
q 1 0 0 1 731.7056 627.806 cm
0 0 m
16.076 -38.233 31.59 -75.133 47.332 -112.573 c
-17.622 -112.573 l
-14.826 -106.547 -12.26 -100.561 -9.189 -94.846 c
-8.676 -93.89 -5.963 -93.8 -4.28 -93.844 c
2.944 -94.037 10.162 -94.43 18.164 -94.785 c
11.932 -80.016 6.023 -66.014 -0.322 -50.98 c
-2.83 -57.046 -4.923 -62.144 -7.046 -67.23 c
-13.022 -81.554 -18.966 -95.891 -25.078 -110.156 c
-25.572 -111.31 -27.222 -112.672 -28.384 -112.718 c
-34.706 -112.969 -41.042 -112.837 -47.61 -112.837 c
-31.826 -75.429 -16.182 -38.351 0 0 c
f
Q
0 0.689 1 0 k
q 1 0 0 1 378.0274 515.4017 cm
0 0 m
-5.2 0 -9.706 -0.052 -14.211 0.02 c
-16.784 0.061 -17.803 1.355 -17.774 4.077 c
-17.609 19.612 -17.528 35.15 -17.617 50.685 c
-17.64 54.677 -15.866 55.384 -12.322 55.354 c
0.353 55.249 13.039 55.204 25.705 55.614 c
33.979 55.882 40.709 63.423 40.417 71.705 c
40.267 75.973 40.201 80.635 38.477 84.371 c
35.467 90.89 28.988 93.077 22.242 93.255 c
10.925 93.555 -0.406 93.357 -11.731 93.314 c
-17.609 93.293 -17.609 93.241 -17.586 98.913 c
-17.573 102.238 -17.766 105.583 -17.427 108.874 c
-17.323 109.886 -15.767 111.561 -14.881 111.557 c
-1.922 111.508 11.053 111.576 23.989 110.918 c
44.506 109.874 59.637 94.702 59.652 74.242 c
59.668 52.615 47.217 40.268 25.232 37.206 c
18.393 36.254 11.384 36.352 4.451 36.326 c
1.117 36.313 -0.087 35.233 -0.033 31.893 c
0.112 22.98 0.006 14.064 0 5.148 c
-0.001 3.663 0 2.177 0 0 c
f
Q
1 0.921 0.402 0.457 k
q 1 0 0 1 962.5655 534.1096 cm
0 0 m
0 -18.734 l
-1.402 -18.885 -2.542 -19.107 -3.684 -19.112 c
-10.483 -19.142 -17.314 -18.698 -24.076 -19.197 c
-45.967 -20.812 -70.374 -1.097 -76.731 18.905 c
-84.407 43.058 -77.479 66.394 -57.645 81.563 c
-47.217 89.538 -35.79 94.074 -22.455 93.499 c
-15.234 93.188 -7.99 93.443 0.127 93.443 c
0.127 87.654 0.297 82.118 -0.045 76.613 c
-0.1 75.728 -2.409 74.345 -3.729 74.281 c
-11.715 73.89 -19.867 74.741 -27.686 73.469 c
-54.919 69.039 -66.02 44.402 -56.63 21.452 c
-51.606 9.175 -41.011 1.727 -27.657 0.195 c
-18.726 -0.83 -9.582 0 0 0 c
f
Q
0 0.689 1 0 k
q 1 0 0 1 508.4811 626.4223 cm
0 0 m
4.078 0 8.159 -0.109 12.231 0.034 c
15.524 0.149 16.57 -1.414 16.16 -4.419 c
15.997 -5.616 15.735 -6.815 15.724 -8.014 c
15.619 -19.87 14.754 -17.709 5.246 -17.827 c
1.32 -17.875 -2.683 -18.335 -6.521 -17.755 c
-25.27 -14.923 -48.997 -39.657 -44.077 -63.083 c
-40.57 -79.781 -27.533 -90.798 -10.946 -92.601 c
-3.614 -93.398 3.826 -93.336 11.218 -93.372 c
14.441 -93.387 15.958 -94.147 15.631 -97.714 c
15.33 -101.007 15.851 -104.378 15.502 -107.66 c
15.375 -108.857 13.791 -110.858 12.859 -110.866 c
0.076 -110.965 -12.702 -111.773 -25.167 -107.206 c
-41.148 -101.351 -52.628 -91.222 -58.579 -75.157 c
-64.195 -60 -64.011 -44.941 -56.503 -30.514 c
-45.527 -9.42 -27.668 0.321 -4.078 -0.031 c
-2.719 -0.051 -1.359 -0.033 0 -0.033 c
h
f
Q
1 0.921 0.402 0.457 k
q 1 0 0 1 657.6086 514.9801 cm
0 0 m
-6.755 0 -12.949 -0.389 -19.034 0.249 c
-20.752 0.429 -22.711 3.376 -23.611 5.463 c
-28.597 17.034 -33.291 28.731 -38.622 41.69 c
-42.894 31.236 -46.852 21.549 -51.179 10.957 c
-52.355 13.013 -53.149 14.206 -53.744 15.491 c
-54.502 17.128 -55.07 18.851 -55.768 20.516 c
-62.49 36.535 -63.094 36.846 -55.224 51.994 c
-49.996 62.058 -49.715 70.839 -54.875 80.896 c
-59.808 90.512 -63.269 100.882 -67.36 110.928 c
-67.463 111.181 -67.373 111.513 -67.373 112.202 c
-61.164 112.202 -54.924 112.435 -48.73 112.01 c
-47.445 111.922 -45.884 109.579 -45.197 107.959 c
-34.079 81.748 -23.083 55.486 -12.055 29.237 c
-8.613 21.042 -5.151 12.855 -1.719 4.655 c
-1.156 3.31 -0.705 1.918 0 0 c
f
Q
q 1 0 0 1 601.907 514.9783 cm
0 0 m
-5.995 0 -11.264 0.234 -16.5 -0.08 c
-20.14 -0.299 -22.037 1.176 -23.354 4.358 c
-29.002 18.006 -34.746 31.615 -40.485 45.225 c
-49.149 65.775 -57.847 86.311 -66.498 106.866 c
-67.175 108.475 -67.595 110.192 -68.331 112.463 c
-61.558 112.463 -55.42 112.629 -49.307 112.317 c
-48.138 112.258 -46.579 110.522 -46.02 109.211 c
-35.087 83.563 -24.265 57.867 -13.444 32.171 c
-8.956 21.513 -4.524 10.831 0 0 c
f
Q
q 1 0 0 1 704.9061 627.4726 cm
0 0 m
-14.406 -34.221 -28.381 -67.419 -42.888 -101.879 c
-46.587 -92.703 -49.797 -85.003 -52.725 -77.197 c
-53.17 -76.01 -52.55 -74.227 -52.001 -72.894 c
-42.927 -50.894 -33.804 -28.914 -24.649 -6.948 c
-21.715 0.092 -21.658 0.055 -14.194 0.005 c
-9.836 -0.024 -5.478 0 0 0 c
f
Q
q 1 0 0 1 918.5933 580.193 cm
0 0 m
50.72 0 l
50.72 -18.709 l
39.243 -18.709 27.828 -18.706 16.413 -18.711 c
13.397 -18.712 10.382 -18.74 7.367 -18.748 c
0.568 -18.766 -0.924 -17.521 -0.999 -10.817 c
-1.038 -7.276 -0.368 -3.728 0 0 c
f
Q
q 1 0 0 1 648.4585 626.9946 cm
0 0 m
-4.513 -11.177 -8.926 -22.108 -13.603 -33.689 c
-15.129 -31.058 -16.75 -28.772 -17.85 -26.258 c
-20.081 -21.164 -22.366 -16.051 -24.008 -10.753 c
-25.966 -4.434 -22.131 0.342 -15.586 0.42 c
-11.064 0.474 -6.542 0.498 -2.019 0.519 c
-1.733 0.52 -1.446 0.379 0 0 c
f
Q
EMC 
Q
